{
 "cells": [
  {
   "cell_type": "code",
   "execution_count": 1,
   "metadata": {},
   "outputs": [],
   "source": [
    "import pandas as pd\n",
    "import numpy as np\n",
    "import matplotlib.pyplot as plt"
   ]
  },
  {
   "cell_type": "code",
   "execution_count": 2,
   "metadata": {},
   "outputs": [],
   "source": [
    "df1 = pd.read_csv('datasets/student-mat.csv',delimiter=';')\n",
    "df2 = pd.read_csv('datasets/student-por.csv',delimiter=';')"
   ]
  },
  {
   "cell_type": "code",
   "execution_count": 3,
   "metadata": {},
   "outputs": [],
   "source": [
    "new_df = pd.concat([df1,df2],ignore_index=True)"
   ]
  },
  {
   "cell_type": "code",
   "execution_count": 4,
   "metadata": {},
   "outputs": [
    {
     "data": {
      "text/html": [
       "<div>\n",
       "<style scoped>\n",
       "    .dataframe tbody tr th:only-of-type {\n",
       "        vertical-align: middle;\n",
       "    }\n",
       "\n",
       "    .dataframe tbody tr th {\n",
       "        vertical-align: top;\n",
       "    }\n",
       "\n",
       "    .dataframe thead th {\n",
       "        text-align: right;\n",
       "    }\n",
       "</style>\n",
       "<table border=\"1\" class=\"dataframe\">\n",
       "  <thead>\n",
       "    <tr style=\"text-align: right;\">\n",
       "      <th></th>\n",
       "      <th>school</th>\n",
       "      <th>sex</th>\n",
       "      <th>age</th>\n",
       "      <th>address</th>\n",
       "      <th>famsize</th>\n",
       "      <th>Pstatus</th>\n",
       "      <th>Medu</th>\n",
       "      <th>Fedu</th>\n",
       "      <th>Mjob</th>\n",
       "      <th>Fjob</th>\n",
       "      <th>...</th>\n",
       "      <th>famrel</th>\n",
       "      <th>freetime</th>\n",
       "      <th>goout</th>\n",
       "      <th>Dalc</th>\n",
       "      <th>Walc</th>\n",
       "      <th>health</th>\n",
       "      <th>absences</th>\n",
       "      <th>G1</th>\n",
       "      <th>G2</th>\n",
       "      <th>G3</th>\n",
       "    </tr>\n",
       "  </thead>\n",
       "  <tbody>\n",
       "    <tr>\n",
       "      <th>0</th>\n",
       "      <td>GP</td>\n",
       "      <td>F</td>\n",
       "      <td>18</td>\n",
       "      <td>U</td>\n",
       "      <td>GT3</td>\n",
       "      <td>A</td>\n",
       "      <td>4</td>\n",
       "      <td>4</td>\n",
       "      <td>at_home</td>\n",
       "      <td>teacher</td>\n",
       "      <td>...</td>\n",
       "      <td>4</td>\n",
       "      <td>3</td>\n",
       "      <td>4</td>\n",
       "      <td>1</td>\n",
       "      <td>1</td>\n",
       "      <td>3</td>\n",
       "      <td>6</td>\n",
       "      <td>5</td>\n",
       "      <td>6</td>\n",
       "      <td>6</td>\n",
       "    </tr>\n",
       "    <tr>\n",
       "      <th>1</th>\n",
       "      <td>GP</td>\n",
       "      <td>F</td>\n",
       "      <td>17</td>\n",
       "      <td>U</td>\n",
       "      <td>GT3</td>\n",
       "      <td>T</td>\n",
       "      <td>1</td>\n",
       "      <td>1</td>\n",
       "      <td>at_home</td>\n",
       "      <td>other</td>\n",
       "      <td>...</td>\n",
       "      <td>5</td>\n",
       "      <td>3</td>\n",
       "      <td>3</td>\n",
       "      <td>1</td>\n",
       "      <td>1</td>\n",
       "      <td>3</td>\n",
       "      <td>4</td>\n",
       "      <td>5</td>\n",
       "      <td>5</td>\n",
       "      <td>6</td>\n",
       "    </tr>\n",
       "    <tr>\n",
       "      <th>2</th>\n",
       "      <td>GP</td>\n",
       "      <td>F</td>\n",
       "      <td>15</td>\n",
       "      <td>U</td>\n",
       "      <td>LE3</td>\n",
       "      <td>T</td>\n",
       "      <td>1</td>\n",
       "      <td>1</td>\n",
       "      <td>at_home</td>\n",
       "      <td>other</td>\n",
       "      <td>...</td>\n",
       "      <td>4</td>\n",
       "      <td>3</td>\n",
       "      <td>2</td>\n",
       "      <td>2</td>\n",
       "      <td>3</td>\n",
       "      <td>3</td>\n",
       "      <td>10</td>\n",
       "      <td>7</td>\n",
       "      <td>8</td>\n",
       "      <td>10</td>\n",
       "    </tr>\n",
       "    <tr>\n",
       "      <th>3</th>\n",
       "      <td>GP</td>\n",
       "      <td>F</td>\n",
       "      <td>15</td>\n",
       "      <td>U</td>\n",
       "      <td>GT3</td>\n",
       "      <td>T</td>\n",
       "      <td>4</td>\n",
       "      <td>2</td>\n",
       "      <td>health</td>\n",
       "      <td>services</td>\n",
       "      <td>...</td>\n",
       "      <td>3</td>\n",
       "      <td>2</td>\n",
       "      <td>2</td>\n",
       "      <td>1</td>\n",
       "      <td>1</td>\n",
       "      <td>5</td>\n",
       "      <td>2</td>\n",
       "      <td>15</td>\n",
       "      <td>14</td>\n",
       "      <td>15</td>\n",
       "    </tr>\n",
       "    <tr>\n",
       "      <th>4</th>\n",
       "      <td>GP</td>\n",
       "      <td>F</td>\n",
       "      <td>16</td>\n",
       "      <td>U</td>\n",
       "      <td>GT3</td>\n",
       "      <td>T</td>\n",
       "      <td>3</td>\n",
       "      <td>3</td>\n",
       "      <td>other</td>\n",
       "      <td>other</td>\n",
       "      <td>...</td>\n",
       "      <td>4</td>\n",
       "      <td>3</td>\n",
       "      <td>2</td>\n",
       "      <td>1</td>\n",
       "      <td>2</td>\n",
       "      <td>5</td>\n",
       "      <td>4</td>\n",
       "      <td>6</td>\n",
       "      <td>10</td>\n",
       "      <td>10</td>\n",
       "    </tr>\n",
       "  </tbody>\n",
       "</table>\n",
       "<p>5 rows × 33 columns</p>\n",
       "</div>"
      ],
      "text/plain": [
       "  school sex  age address famsize Pstatus  Medu  Fedu     Mjob      Fjob  ...  \\\n",
       "0     GP   F   18       U     GT3       A     4     4  at_home   teacher  ...   \n",
       "1     GP   F   17       U     GT3       T     1     1  at_home     other  ...   \n",
       "2     GP   F   15       U     LE3       T     1     1  at_home     other  ...   \n",
       "3     GP   F   15       U     GT3       T     4     2   health  services  ...   \n",
       "4     GP   F   16       U     GT3       T     3     3    other     other  ...   \n",
       "\n",
       "  famrel freetime  goout  Dalc  Walc health absences  G1  G2  G3  \n",
       "0      4        3      4     1     1      3        6   5   6   6  \n",
       "1      5        3      3     1     1      3        4   5   5   6  \n",
       "2      4        3      2     2     3      3       10   7   8  10  \n",
       "3      3        2      2     1     1      5        2  15  14  15  \n",
       "4      4        3      2     1     2      5        4   6  10  10  \n",
       "\n",
       "[5 rows x 33 columns]"
      ]
     },
     "execution_count": 4,
     "metadata": {},
     "output_type": "execute_result"
    }
   ],
   "source": [
    "new_df.head()"
   ]
  },
  {
   "cell_type": "code",
   "execution_count": 5,
   "metadata": {},
   "outputs": [
    {
     "data": {
      "text/html": [
       "<div>\n",
       "<style scoped>\n",
       "    .dataframe tbody tr th:only-of-type {\n",
       "        vertical-align: middle;\n",
       "    }\n",
       "\n",
       "    .dataframe tbody tr th {\n",
       "        vertical-align: top;\n",
       "    }\n",
       "\n",
       "    .dataframe thead th {\n",
       "        text-align: right;\n",
       "    }\n",
       "</style>\n",
       "<table border=\"1\" class=\"dataframe\">\n",
       "  <thead>\n",
       "    <tr style=\"text-align: right;\">\n",
       "      <th></th>\n",
       "      <th>age</th>\n",
       "      <th>Medu</th>\n",
       "      <th>Fedu</th>\n",
       "      <th>traveltime</th>\n",
       "      <th>studytime</th>\n",
       "      <th>failures</th>\n",
       "      <th>famrel</th>\n",
       "      <th>freetime</th>\n",
       "      <th>goout</th>\n",
       "      <th>Dalc</th>\n",
       "      <th>Walc</th>\n",
       "      <th>health</th>\n",
       "      <th>absences</th>\n",
       "      <th>G1</th>\n",
       "      <th>G2</th>\n",
       "      <th>G3</th>\n",
       "    </tr>\n",
       "  </thead>\n",
       "  <tbody>\n",
       "    <tr>\n",
       "      <th>age</th>\n",
       "      <td>1.000000</td>\n",
       "      <td>-0.130196</td>\n",
       "      <td>-0.138521</td>\n",
       "      <td>0.049216</td>\n",
       "      <td>-0.007870</td>\n",
       "      <td>0.282364</td>\n",
       "      <td>0.007162</td>\n",
       "      <td>0.002645</td>\n",
       "      <td>0.118510</td>\n",
       "      <td>0.133453</td>\n",
       "      <td>0.098291</td>\n",
       "      <td>-0.029129</td>\n",
       "      <td>0.153196</td>\n",
       "      <td>-0.124121</td>\n",
       "      <td>-0.119475</td>\n",
       "      <td>-0.125282</td>\n",
       "    </tr>\n",
       "    <tr>\n",
       "      <th>Medu</th>\n",
       "      <td>-0.130196</td>\n",
       "      <td>1.000000</td>\n",
       "      <td>0.642063</td>\n",
       "      <td>-0.238181</td>\n",
       "      <td>0.090616</td>\n",
       "      <td>-0.187769</td>\n",
       "      <td>0.015004</td>\n",
       "      <td>0.001054</td>\n",
       "      <td>0.025614</td>\n",
       "      <td>0.001515</td>\n",
       "      <td>-0.029331</td>\n",
       "      <td>-0.013254</td>\n",
       "      <td>0.059708</td>\n",
       "      <td>0.226101</td>\n",
       "      <td>0.224662</td>\n",
       "      <td>0.201472</td>\n",
       "    </tr>\n",
       "    <tr>\n",
       "      <th>Fedu</th>\n",
       "      <td>-0.138521</td>\n",
       "      <td>0.642063</td>\n",
       "      <td>1.000000</td>\n",
       "      <td>-0.196328</td>\n",
       "      <td>0.033458</td>\n",
       "      <td>-0.191390</td>\n",
       "      <td>0.013066</td>\n",
       "      <td>0.002142</td>\n",
       "      <td>0.030075</td>\n",
       "      <td>-0.000165</td>\n",
       "      <td>0.019524</td>\n",
       "      <td>0.034288</td>\n",
       "      <td>0.040829</td>\n",
       "      <td>0.195898</td>\n",
       "      <td>0.182634</td>\n",
       "      <td>0.159796</td>\n",
       "    </tr>\n",
       "    <tr>\n",
       "      <th>traveltime</th>\n",
       "      <td>0.049216</td>\n",
       "      <td>-0.238181</td>\n",
       "      <td>-0.196328</td>\n",
       "      <td>1.000000</td>\n",
       "      <td>-0.081328</td>\n",
       "      <td>0.087177</td>\n",
       "      <td>-0.012578</td>\n",
       "      <td>-0.007403</td>\n",
       "      <td>0.049740</td>\n",
       "      <td>0.109423</td>\n",
       "      <td>0.084292</td>\n",
       "      <td>-0.029002</td>\n",
       "      <td>-0.022669</td>\n",
       "      <td>-0.121053</td>\n",
       "      <td>-0.140163</td>\n",
       "      <td>-0.102627</td>\n",
       "    </tr>\n",
       "    <tr>\n",
       "      <th>studytime</th>\n",
       "      <td>-0.007870</td>\n",
       "      <td>0.090616</td>\n",
       "      <td>0.033458</td>\n",
       "      <td>-0.081328</td>\n",
       "      <td>1.000000</td>\n",
       "      <td>-0.152024</td>\n",
       "      <td>0.012324</td>\n",
       "      <td>-0.094429</td>\n",
       "      <td>-0.072941</td>\n",
       "      <td>-0.159665</td>\n",
       "      <td>-0.229073</td>\n",
       "      <td>-0.063044</td>\n",
       "      <td>-0.075594</td>\n",
       "      <td>0.211314</td>\n",
       "      <td>0.183167</td>\n",
       "      <td>0.161629</td>\n",
       "    </tr>\n",
       "    <tr>\n",
       "      <th>failures</th>\n",
       "      <td>0.282364</td>\n",
       "      <td>-0.187769</td>\n",
       "      <td>-0.191390</td>\n",
       "      <td>0.087177</td>\n",
       "      <td>-0.152024</td>\n",
       "      <td>1.000000</td>\n",
       "      <td>-0.053676</td>\n",
       "      <td>0.102679</td>\n",
       "      <td>0.074683</td>\n",
       "      <td>0.116336</td>\n",
       "      <td>0.107432</td>\n",
       "      <td>0.048311</td>\n",
       "      <td>0.099998</td>\n",
       "      <td>-0.374175</td>\n",
       "      <td>-0.377172</td>\n",
       "      <td>-0.383145</td>\n",
       "    </tr>\n",
       "    <tr>\n",
       "      <th>famrel</th>\n",
       "      <td>0.007162</td>\n",
       "      <td>0.015004</td>\n",
       "      <td>0.013066</td>\n",
       "      <td>-0.012578</td>\n",
       "      <td>0.012324</td>\n",
       "      <td>-0.053676</td>\n",
       "      <td>1.000000</td>\n",
       "      <td>0.136901</td>\n",
       "      <td>0.080619</td>\n",
       "      <td>-0.076483</td>\n",
       "      <td>-0.100663</td>\n",
       "      <td>0.104101</td>\n",
       "      <td>-0.062171</td>\n",
       "      <td>0.036947</td>\n",
       "      <td>0.042054</td>\n",
       "      <td>0.054461</td>\n",
       "    </tr>\n",
       "    <tr>\n",
       "      <th>freetime</th>\n",
       "      <td>0.002645</td>\n",
       "      <td>0.001054</td>\n",
       "      <td>0.002142</td>\n",
       "      <td>-0.007403</td>\n",
       "      <td>-0.094429</td>\n",
       "      <td>0.102679</td>\n",
       "      <td>0.136901</td>\n",
       "      <td>1.000000</td>\n",
       "      <td>0.323556</td>\n",
       "      <td>0.144979</td>\n",
       "      <td>0.130377</td>\n",
       "      <td>0.081517</td>\n",
       "      <td>-0.032079</td>\n",
       "      <td>-0.051985</td>\n",
       "      <td>-0.068952</td>\n",
       "      <td>-0.064890</td>\n",
       "    </tr>\n",
       "    <tr>\n",
       "      <th>goout</th>\n",
       "      <td>0.118510</td>\n",
       "      <td>0.025614</td>\n",
       "      <td>0.030075</td>\n",
       "      <td>0.049740</td>\n",
       "      <td>-0.072941</td>\n",
       "      <td>0.074683</td>\n",
       "      <td>0.080619</td>\n",
       "      <td>0.323556</td>\n",
       "      <td>1.000000</td>\n",
       "      <td>0.253135</td>\n",
       "      <td>0.399794</td>\n",
       "      <td>-0.013736</td>\n",
       "      <td>0.056142</td>\n",
       "      <td>-0.101163</td>\n",
       "      <td>-0.108411</td>\n",
       "      <td>-0.097877</td>\n",
       "    </tr>\n",
       "    <tr>\n",
       "      <th>Dalc</th>\n",
       "      <td>0.133453</td>\n",
       "      <td>0.001515</td>\n",
       "      <td>-0.000165</td>\n",
       "      <td>0.109423</td>\n",
       "      <td>-0.159665</td>\n",
       "      <td>0.116336</td>\n",
       "      <td>-0.076483</td>\n",
       "      <td>0.144979</td>\n",
       "      <td>0.253135</td>\n",
       "      <td>1.000000</td>\n",
       "      <td>0.627814</td>\n",
       "      <td>0.065515</td>\n",
       "      <td>0.132867</td>\n",
       "      <td>-0.150943</td>\n",
       "      <td>-0.131576</td>\n",
       "      <td>-0.129642</td>\n",
       "    </tr>\n",
       "    <tr>\n",
       "      <th>Walc</th>\n",
       "      <td>0.098291</td>\n",
       "      <td>-0.029331</td>\n",
       "      <td>0.019524</td>\n",
       "      <td>0.084292</td>\n",
       "      <td>-0.229073</td>\n",
       "      <td>0.107432</td>\n",
       "      <td>-0.100663</td>\n",
       "      <td>0.130377</td>\n",
       "      <td>0.399794</td>\n",
       "      <td>0.627814</td>\n",
       "      <td>1.000000</td>\n",
       "      <td>0.106669</td>\n",
       "      <td>0.139703</td>\n",
       "      <td>-0.142401</td>\n",
       "      <td>-0.128114</td>\n",
       "      <td>-0.115740</td>\n",
       "    </tr>\n",
       "    <tr>\n",
       "      <th>health</th>\n",
       "      <td>-0.029129</td>\n",
       "      <td>-0.013254</td>\n",
       "      <td>0.034288</td>\n",
       "      <td>-0.029002</td>\n",
       "      <td>-0.063044</td>\n",
       "      <td>0.048311</td>\n",
       "      <td>0.104101</td>\n",
       "      <td>0.081517</td>\n",
       "      <td>-0.013736</td>\n",
       "      <td>0.065515</td>\n",
       "      <td>0.106669</td>\n",
       "      <td>1.000000</td>\n",
       "      <td>-0.027479</td>\n",
       "      <td>-0.060478</td>\n",
       "      <td>-0.088001</td>\n",
       "      <td>-0.080079</td>\n",
       "    </tr>\n",
       "    <tr>\n",
       "      <th>absences</th>\n",
       "      <td>0.153196</td>\n",
       "      <td>0.059708</td>\n",
       "      <td>0.040829</td>\n",
       "      <td>-0.022669</td>\n",
       "      <td>-0.075594</td>\n",
       "      <td>0.099998</td>\n",
       "      <td>-0.062171</td>\n",
       "      <td>-0.032079</td>\n",
       "      <td>0.056142</td>\n",
       "      <td>0.132867</td>\n",
       "      <td>0.139703</td>\n",
       "      <td>-0.027479</td>\n",
       "      <td>1.000000</td>\n",
       "      <td>-0.092425</td>\n",
       "      <td>-0.089332</td>\n",
       "      <td>-0.045671</td>\n",
       "    </tr>\n",
       "    <tr>\n",
       "      <th>G1</th>\n",
       "      <td>-0.124121</td>\n",
       "      <td>0.226101</td>\n",
       "      <td>0.195898</td>\n",
       "      <td>-0.121053</td>\n",
       "      <td>0.211314</td>\n",
       "      <td>-0.374175</td>\n",
       "      <td>0.036947</td>\n",
       "      <td>-0.051985</td>\n",
       "      <td>-0.101163</td>\n",
       "      <td>-0.150943</td>\n",
       "      <td>-0.142401</td>\n",
       "      <td>-0.060478</td>\n",
       "      <td>-0.092425</td>\n",
       "      <td>1.000000</td>\n",
       "      <td>0.858739</td>\n",
       "      <td>0.809142</td>\n",
       "    </tr>\n",
       "    <tr>\n",
       "      <th>G2</th>\n",
       "      <td>-0.119475</td>\n",
       "      <td>0.224662</td>\n",
       "      <td>0.182634</td>\n",
       "      <td>-0.140163</td>\n",
       "      <td>0.183167</td>\n",
       "      <td>-0.377172</td>\n",
       "      <td>0.042054</td>\n",
       "      <td>-0.068952</td>\n",
       "      <td>-0.108411</td>\n",
       "      <td>-0.131576</td>\n",
       "      <td>-0.128114</td>\n",
       "      <td>-0.088001</td>\n",
       "      <td>-0.089332</td>\n",
       "      <td>0.858739</td>\n",
       "      <td>1.000000</td>\n",
       "      <td>0.910743</td>\n",
       "    </tr>\n",
       "    <tr>\n",
       "      <th>G3</th>\n",
       "      <td>-0.125282</td>\n",
       "      <td>0.201472</td>\n",
       "      <td>0.159796</td>\n",
       "      <td>-0.102627</td>\n",
       "      <td>0.161629</td>\n",
       "      <td>-0.383145</td>\n",
       "      <td>0.054461</td>\n",
       "      <td>-0.064890</td>\n",
       "      <td>-0.097877</td>\n",
       "      <td>-0.129642</td>\n",
       "      <td>-0.115740</td>\n",
       "      <td>-0.080079</td>\n",
       "      <td>-0.045671</td>\n",
       "      <td>0.809142</td>\n",
       "      <td>0.910743</td>\n",
       "      <td>1.000000</td>\n",
       "    </tr>\n",
       "  </tbody>\n",
       "</table>\n",
       "</div>"
      ],
      "text/plain": [
       "                 age      Medu      Fedu  traveltime  studytime  failures  \\\n",
       "age         1.000000 -0.130196 -0.138521    0.049216  -0.007870  0.282364   \n",
       "Medu       -0.130196  1.000000  0.642063   -0.238181   0.090616 -0.187769   \n",
       "Fedu       -0.138521  0.642063  1.000000   -0.196328   0.033458 -0.191390   \n",
       "traveltime  0.049216 -0.238181 -0.196328    1.000000  -0.081328  0.087177   \n",
       "studytime  -0.007870  0.090616  0.033458   -0.081328   1.000000 -0.152024   \n",
       "failures    0.282364 -0.187769 -0.191390    0.087177  -0.152024  1.000000   \n",
       "famrel      0.007162  0.015004  0.013066   -0.012578   0.012324 -0.053676   \n",
       "freetime    0.002645  0.001054  0.002142   -0.007403  -0.094429  0.102679   \n",
       "goout       0.118510  0.025614  0.030075    0.049740  -0.072941  0.074683   \n",
       "Dalc        0.133453  0.001515 -0.000165    0.109423  -0.159665  0.116336   \n",
       "Walc        0.098291 -0.029331  0.019524    0.084292  -0.229073  0.107432   \n",
       "health     -0.029129 -0.013254  0.034288   -0.029002  -0.063044  0.048311   \n",
       "absences    0.153196  0.059708  0.040829   -0.022669  -0.075594  0.099998   \n",
       "G1         -0.124121  0.226101  0.195898   -0.121053   0.211314 -0.374175   \n",
       "G2         -0.119475  0.224662  0.182634   -0.140163   0.183167 -0.377172   \n",
       "G3         -0.125282  0.201472  0.159796   -0.102627   0.161629 -0.383145   \n",
       "\n",
       "              famrel  freetime     goout      Dalc      Walc    health  \\\n",
       "age         0.007162  0.002645  0.118510  0.133453  0.098291 -0.029129   \n",
       "Medu        0.015004  0.001054  0.025614  0.001515 -0.029331 -0.013254   \n",
       "Fedu        0.013066  0.002142  0.030075 -0.000165  0.019524  0.034288   \n",
       "traveltime -0.012578 -0.007403  0.049740  0.109423  0.084292 -0.029002   \n",
       "studytime   0.012324 -0.094429 -0.072941 -0.159665 -0.229073 -0.063044   \n",
       "failures   -0.053676  0.102679  0.074683  0.116336  0.107432  0.048311   \n",
       "famrel      1.000000  0.136901  0.080619 -0.076483 -0.100663  0.104101   \n",
       "freetime    0.136901  1.000000  0.323556  0.144979  0.130377  0.081517   \n",
       "goout       0.080619  0.323556  1.000000  0.253135  0.399794 -0.013736   \n",
       "Dalc       -0.076483  0.144979  0.253135  1.000000  0.627814  0.065515   \n",
       "Walc       -0.100663  0.130377  0.399794  0.627814  1.000000  0.106669   \n",
       "health      0.104101  0.081517 -0.013736  0.065515  0.106669  1.000000   \n",
       "absences   -0.062171 -0.032079  0.056142  0.132867  0.139703 -0.027479   \n",
       "G1          0.036947 -0.051985 -0.101163 -0.150943 -0.142401 -0.060478   \n",
       "G2          0.042054 -0.068952 -0.108411 -0.131576 -0.128114 -0.088001   \n",
       "G3          0.054461 -0.064890 -0.097877 -0.129642 -0.115740 -0.080079   \n",
       "\n",
       "            absences        G1        G2        G3  \n",
       "age         0.153196 -0.124121 -0.119475 -0.125282  \n",
       "Medu        0.059708  0.226101  0.224662  0.201472  \n",
       "Fedu        0.040829  0.195898  0.182634  0.159796  \n",
       "traveltime -0.022669 -0.121053 -0.140163 -0.102627  \n",
       "studytime  -0.075594  0.211314  0.183167  0.161629  \n",
       "failures    0.099998 -0.374175 -0.377172 -0.383145  \n",
       "famrel     -0.062171  0.036947  0.042054  0.054461  \n",
       "freetime   -0.032079 -0.051985 -0.068952 -0.064890  \n",
       "goout       0.056142 -0.101163 -0.108411 -0.097877  \n",
       "Dalc        0.132867 -0.150943 -0.131576 -0.129642  \n",
       "Walc        0.139703 -0.142401 -0.128114 -0.115740  \n",
       "health     -0.027479 -0.060478 -0.088001 -0.080079  \n",
       "absences    1.000000 -0.092425 -0.089332 -0.045671  \n",
       "G1         -0.092425  1.000000  0.858739  0.809142  \n",
       "G2         -0.089332  0.858739  1.000000  0.910743  \n",
       "G3         -0.045671  0.809142  0.910743  1.000000  "
      ]
     },
     "execution_count": 5,
     "metadata": {},
     "output_type": "execute_result"
    }
   ],
   "source": [
    "new_df.corr()"
   ]
  },
  {
   "cell_type": "code",
   "execution_count": 6,
   "metadata": {},
   "outputs": [
    {
     "data": {
      "text/plain": [
       "<matplotlib.axes._subplots.AxesSubplot at 0x2377c8838d0>"
      ]
     },
     "execution_count": 6,
     "metadata": {},
     "output_type": "execute_result"
    },
    {
     "data": {
